MARKAER(No.,x,y,z)
5
0,345,223,-280
1,227,215,-285
2,140,218,-304
3,125,225,-474
4,229,227,-473
CANCER(No.,x,y,z,r)
1
0,178,246,-390
VEIN(No.,x,y,z)
24
0,230,287,-200
1,226,284,-240
2,215,278,-280
3,203,274,-305
4,191,270,-330
5,170,268,-370
6,146,270,-420
7,125,274,-465
8,246,280,-200
9,246,276,-240
10,247,272,-280
11,250,268,-320
12,251,263,-345
13,254,263,-380
14,260,268,-420
15,265,270,-460
16,244,291,-200
17,250,289,-230
18,254,284,-260
19,268,269,-290
20,293,257,-320
21,323,253,-345
22,353,251,-365
23,369,252,-380
VEIN_PAIR(No.,point1,point2)
21
0,0,1
1,1,2
2,2,3
3,3,4
4,4,5
5,5,6
6,6,7
7,8,9
8,9,10
9,10,11
10,11,12
11,12,13
12,13,14
13,14,15
14,16,17
15,17,18
16,18,19
17,19,20
18,20,21
19,21,22
20,22,23
